0
100
255
475
770
1150
1625
2205
2900
3720
4675
5775
7030
8450
10045
11825
13800
15980
18375
20995
23850
26950
30305
33925
37820
42000
46475
51255
56350
61770
67525
73625
80080
86900
94095
101675
109650
118030
126825
136045
145700
155800
166355
177375
188870
200850
213325
226305
239800
253820
268375
283475
299130
315350
332145
349525
367500
386080
405275
425095
445550
466650
488405
510825
533920
557700
582175
607355
633250
659870
687225
715325
744180
773800
804195
835375
867350
900130
933725
968145
1003400
1039500
1076455
1114275
1152970
1192550
1233025
1274405
1316700
1359920
1404075
1449175
1495230
1542250
1590245
1639225
1689200
1740180
1792175
1845195
1899250
1954350
2010505
2067725
2126020
2185400
2245875
2307455
2370150
2433970
2498925
2565025
2632280
2700700
2770295
2841075
2913050
2986230
3060625
3136245
3213100
3291200
3370555
3451175
3533070
3616250
3700725
3786505
3873600
3962020
4051775
4142875
4235330
4329150
4424345
4520925
4618900
4718280
4819075
4921295
5024950
5130050
5236605
5344625
5454120
5565100
5677575
5791555
5907050
6024070
6142625
6262725
6384380
6507600
6632395
6758775
6886750
7016330
7147525
7280345
7414800
7550900
7688655
7828075
7969170
8111950
8256425
8402605
8550500
8700120
8851475
9004575
9159430
9316050
9474445
9634625
9796600
9960380
10125975
10293395
10462650
10633750
10806705
10981525
11158220
11336800
11517275
11699655
11883950
12070170
12258325
12448425
12640480
12834500
13030495
13228475
13428450
13630430
13834425
14040445
14248500
14458600
14670755
14884975
15101270
15319650
15540125
15762705
15987400
16214220
16443175
16674275
16907530
17142950
17380545
17620325
17862300
18106480
18352875
18601495
18852350
19105450
19360805
19618425
19878320
20140500
20404975
20671755
20940850
21212270
21486025
21762125
22040580
22321400
22604595
22890175
23178150
23468530
23761325
24056545
24354200
24654300
24956855
25261875
25569370
25879350
26191825
26506805
26824300
27144320
27466875
27791975
28119630
28449850
28782645
29118025
29456000
29796580
30139775
30485595
30834050
31185150
31538905
31895325
32254420
32616200
32980675
33347855
33717750
34090370
34465725
34843825
35224680
35608300
35994695
36383875
36775850
37170630
37568225
37968645
38371900
38778000
39186955
39598775
40013470
40431050
40851525
41274905
41701200
42130420
42562575
42997675
43435730
43876750
44320745
44767725
45217700
45670680
46126675
46585695
47047750
47512850
47981005
48452225
48926520
49403900
49884375
50367955
50854650
51344470
51837425
52333525
52832780
53335200
53840795
54349575
54861550
55376730
55895125
56416745
56941600
57469700
58001055
58535675
59073570
59614750
60159225
60707005
61258100
61812520
62370275
62931375
63495830
64063650
64634845
65209425
65787400
66368780
66953575
67541795
68133450
68728550
69327105
69929125
70534620
71143600
71756075
72372055
72991550
73614570
74241125
74871225
75504880
76142100
76782895
77427275
78075250
78726830
79382025
80040845
80703300
81369400
82039155
82712575
83389670
84070450
84754925
85443105
86135000
86830620
87529975
88233075
88939930
89650550
90364945
91083125
91805100
92530880
93260475
93993895
94731150
95472250
96217205
96966025
97718720
98475300
99235775
100000155
100768450
101540670
102316825
103096925
103880980
104669000
105460995
106256975
107056950
107860930
108668925
109480945
110297000
111117100
111941255
112769475
113601770
114438150
115278625
116123205
116971900
117824720
118681675
119542775
120408030
121277450
122151045
123028825
123910800
124796980
125687375
126581995
127480850
128383950
129291305
130202925
131118820
132039000
132963475
133892255
134825350
135762770
136704525
137650625
138601080
139555900
140515095
141478675
142446650
143419030
144395825
145377045
146362700
147352800
148347355
149346375
150349870
151357850
152370325
153387305
154408800
155434820
156465375
157500475
158540130
159584350
160633145
161686525
162744500
163807080
164874275
165946095
167022550
168103650
169189405
170279825
171374920
172474700
173579175
174688355
175802250
176920870
178044225
179172325
180305180
181442800
182585195
183732375
184884350
186041130
187202725
188369145
189540400
190716500
191897455
193083275
194273970
195469550
196670025
197875405
199085700
200300920
201521075
202746175
203976230
205211250
206451245
207696225
208946200
210201180
211461175
212726195
213996250
215271350
216551505
217836725
219127020
220422400
221722875
223028455
224339150
225654970
226975925
228302025
229633280
230969700
232311295
233658075
235010050
236367230
237729625
239097245
240470100
241848200
243231555
244620175
246014070
247413250
248817725
250227505
251642600
253063020
254488775
255919875
257356330
258798150
260245345
261697925
263155900
264619280
266088075
267562295
269041950
270527050
272017605
273513625
275015120
276522100
278034575
279552555
281076050
282605070
284139625
285679725
287225380
288776600
290333395
291895775
293463750
295037330
296616525
298201345
299791800
301387900
302989655
304597075
306210170
307828950
309453425
311083605
312719500
314361120
316008475
317661575
319320430
320985050
322655445
324331625
326013600
327701380
329394975
331094395
332799650
334510750
336227705
337950525
339679220
341413800
343154275
344900655
346652950
348411170
350175325
351945425
353721480
355503500
357291495
359085475
360885450
362691430
364503425
366321445
368145500
369975600
371811755
373653975
375502270
377356650
379217125
381083705
382956400
384835220
386720175
388611275
390508530
392411950
394321545
396237325
398159300
400087480
402021875
403962495
405909350
407862450
409821805
411787425
413759320
415737500
417721975
419712755
421709850
423713270
425723025
427739125
429761580
431790400
433825595
435867175
437915150
439969530
442030325
444097545
446171200
448251300
450337855
452430875
454530370
456636350
458748825
460867805
462993300
465125320
467263875
469408975
471560630
473718850
475883645
478055025
480233000
482417580
484608775
486806595
489011050
491222150
493439905
495664325
497895420
500133200
502377675
504628855
506886750
509151370
511422725
513700825
515985680
518277300
520575695
522880875
525192850
527511630
529837225
532169645
534508900
536855000
539207955
541567775
543934470
546308050
548688525
551075905
553470200
555871420
558279575
560694675
563116730
565545750
567981745
570424725
572874700
575331680
577795675
580266695
582744750
585229850
587722005
590221225
592727520
595240900
597761375
600288955
602823650
605365470
607914425
610470525
613033780
615604200
618181795
620766575
623358550
625957730
628564125
631177745
633798600
636426700
639062055
641704675
644354570
647011750
649676225
652348005
655027100
657713520
660407275
663108375
665816830
668532650
671255845
673986425
676724400
679469780
682222575
684982795
687750450
690525550
693308105
696098125
698895620
701700600
704513075
707333055
710160550
712995570
715838125
718688225
721545880
724411100
727283895
730164275
733052250
735947830
738851025
741761845
744680300
747606400
750540155
753481575
756430670
759387450
762351925
765324105
768304000
771291620
774286975
777290075
780300930
783319550
786345945
789380125
792422100
795471880
798529475
801594895
804668150
807749250
810838205
813935025
817039720
820152300
823272775
826401155
829537450
832681670
835833825
838993925
842161980
845338000
848521995
851713975
854913950
858121930
861337925
864561945
867794000
871034100
874282255
877538475
880802770
884075150
887355625
890644205
893940900
897245720
900558675
903879775
907209030
910546450
913892045
917245825
920607800
923977980
927356375
930742995
934137850
937540950
940952305
944371925
947799820
951236000
954680475
958133255
961594350
965063770
968541525
972027625
975522080
979024900
982536095
986055675
989583650
993120030
996664825
1000218045
1003779700
1007349800
1010928355
1014515375
1018110870
1021714850
1025327325
1028948305
1032577800
1036215820
1039862375
1043517475
1047181130
1050853350
1054534145
1058223525
1061921500
1065628080
1069343275
1073067095
1076799550
1080540650
1084290405
1088048825
1091815920
1095591700
1099376175
1103169355
1106971250
1110781870
1114601225
1118429325
1122266180
1126111800
1129966195
1133829375
1137701350
1141582130
1145471725
1149370145
1153277400
1157193500
1161118455
1165052275
1168994970
1172946550
1176907025
1180876405
1184854700
1188841920
1192838075
1196843175
1200857230
1204880250
1208912245
1212953225
1217003200
1221062180
1225130175
1229207195
1233293250
1237388350
1241492505
1245605725
1249728020
1253859400
1257999875
1262149455
1266308150
1270475970
1274652925
1278839025
1283034280
1287238700
1291452295
1295675075
1299907050
1304148230
1308398625
1312658245
1316927100
1321205200
1325492555
1329789175
1334095070
1338410250
1342734725
1347068505
1351411600
1355764020
1360125775
1364496875
1368877330
1373267150
1377666345
1382074925
1386492900
1390920280
1395357075
1399803295
1404258950
1408724050
1413198605
1417682625
1422176120
1426679100
1431191575
1435713555
1440245050
1444786070
1449336625
1453896725
1458466380
1463045600
1467634395
1472232775
1476840750
1481458330
1486085525
1490722345
1495368800
1500024900
1504690655
1509366075
1514051170
1518745950
1523450425
1528164605
1532888500
1537622120
1542365475
1547118575
1551881430
1556654050
1561436445
1566228625
1571030600
1575842380
1580663975
1585495395
1590336650
1595187750
1600048705
1604919525
1609800220
1614690800
1619591275
1624501655
1629421950
1634352170
1639292325
1644242425
1649202480
1654172500
1659152495
1664142475
1669142450
1674152430
1679172425
1684202445
1689242500